mgm results :
value 10.0 : 38     Initial costs : 3.0, 8.0, 10.0, 4.0, 8.0, 3.0, 2.0, 5.0, 2.0, 2.0, 2.0, -2.0, 10.0, 0.0, 8.0, 1.0, 2.0, 2.0, -1.0, 1.0, 2.0, 0.0, 6.0, 0.0, 8.0, 2.0, 8.0, -1.0, -2.0, 4.0, 5.0, 7.0, -1.0, 6.0, -1.0, 4.0, 2.0, 7.0
value 11.0 : 6     Initial costs : 5.0, 8.0, 5.0, 5.0, 11.0, 5.0
value 12.0 : 6     Initial costs : 12.0, 12.0, 6.0, 12.0, 9.0, 9.0

mcs_mgm results :
value 13.0 : 8     Initial costs : 7.0, 5.0, 5.0, 5.0, -1.0, 7.0, 7.0, 5.0
value 11.0 : 3     Initial costs : 11.0, 11.0, 11.0
value 14.0 : 23     Initial costs : 7.0, 6.0, 0.0, 3.0, 3.0, 3.0, 3.0, 7.0, 1.0, 0.0, 2.0, 1.0, 6.0, 3.0, 0.0, 1.0, 2.0, 3.0, 3.0, 2.0, 1.0, 1.0, 8.0
value 12.0 : 15     Initial costs : -2.0, -2.0, 6.0, -2.0, -2.0, 4.0, 4.0, 9.0, 6.0, 4.0, 12.0, 12.0, 6.0, 6.0, -2.0
value 10.0 : 1     Initial costs : 10.0

gca_mgm results :
value 14.0 : 38     Initial costs : 7.0, 5.0, 4.0, 3.0, 5.0, 2.0, 8.0, 8.0, 1.0, 6.0, 8.0, 1.0, 7.0, 6.0, 2.0, 6.0, 5.0, 1.0, 2.0, 5.0, 4.0, 7.0, 8.0, 1.0, 6.0, 0.0, 1.0, 4.0, 8.0, 8.0, 2.0, 6.0, 6.0, 2.0, 6.0, 8.0, 4.0, 8.0
value 12.0 : 5     Initial costs : 9.0, -2.0, -2.0, 12.0, 9.0
value 11.0 : 2     Initial costs : 11.0, 11.0
value 13.0 : 3     Initial costs : -1.0, -1.0, -1.0
value 10.0 : 2     Initial costs : 10.0, 10.0
