mgm results :
value 0.0 : 30     Initial costs : 0.0, -2.0, 0.0, -2.0, 2.0, 0.0, 0.0, -4.0, 2.0, 2.0, 0.0, 2.0, 0.0, -4.0, 0.0, -2.0, -4.0, 2.0, -4.0, -2.0, 4.0, 0.0, 4.0, -2.0, 2.0, -4.0, 0.0, -2.0, 0.0, 0.0

mcs_mgm results :
value -4.0 : 14     Initial costs : 2.0, 0.0, -2.0, 0.0, -2.0, -2.0, -2.0, 0.0, 4.0, 0.0, 2.0, 4.0, 0.0, 4.0
value 0.0 : 16     Initial costs : 2.0, 2.0, 2.0, 2.0, 2.0, 2.0, -2.0, -2.0, 2.0, 4.0, 2.0, -4.0, 4.0, -4.0, -2.0, 0.0

gca_mgm results :
value -4.0 : 25     Initial costs : 0.0, 0.0, 4.0, 0.0, -2.0, -2.0, 2.0, 0.0, 4.0, -2.0, -2.0, 0.0, 0.0, 0.0, 2.0, 2.0, -2.0, 0.0, 4.0, -2.0, 4.0, -2.0, -4.0, 4.0, 2.0
value 0.0 : 5     Initial costs : -4.0, 2.0, -2.0, 2.0, 0.0
